<?xml version="1.0"?>
<opencv_storage>
<A type_id="opencv-matrix">
  <rows>1</rows>
  <cols>1000</cols>
  <dt>f</dt>
  <data>
    18. 22. 18. 3. 14. 23. 11. 12. 13. 17. 6. -16. 12. 5. 20. -13. 29.
    9. 1. 2. 7. 16. 16. 7. 20. -9. 2. -4. 3. 11. 18. 23. 8. 4. 3. 3. 3.
    28. 7. 12. 2. -6. -10. 6. 5. 1. -7. -4. -1. 20. 3. 2. -3. 14. 5. 8.
    8. 18. 23. 11. 25. 22. 22. 18. 27. 35. 8. 3. 31. 29. -3. -12. 16.
    -4. 12. -21. -16. 30. 44. 40. 33. 3. 9. 9. -3. 8. 11. -2. -11. -4.
    18. 23. 6. 25. 8. 20. 13. -2. 21. -12. 17. 7. -14. -14. 46. 11. -5.
    -2. 19. 13. 13. 26. 10. 9. 14. -24. 17. -9. -34. -25. 18. -16. -3.
    -9. 6. -9. 40. 33. -2. 25. 2. -27. -28. 16. -23. -14. 35. -1. 53. 6.
    -10. 100. 32. -16. -32. 92. 5. 0. 6. 11. -2. 53. 1. 39. 4. -8. 13.
    3. 27. -21. 13. -20. 25. 11. 4. 2. -1. 13. -1. 13. -5. 18. 18. 30.
    -11. 25. 12. 55. 15. -33. 29. 24. 15. 28. -3. -7. 5. -8. 5. 11. -13.
    -4. 0. -18. 8. -27. 38. 4. -1. 20. 17. 16. 18. -47. 48. -17. 15. 18.
    5. 21. 36. 7. 130. 24. 120. -2. -8. -3. -5. -18. -12. 32. 28. 14.
    -3. 23. 6. 1. 14. -4. 4. -16. 0. 0. 2. 16. 10. -20. -12. 21. 46.
    -13. -19. 13. -6. 10. -16. 25. 11. 22. 27. 14. 8. 27. 16. 6. 16. 20.
    6. 18. 6. -8. -29. -11. -18. -1. 7. -7. 11. 13. -7. 6. -12. -13. 5.
    -10. 3. -5. 3. -11. -3. -32. 2. 0. 1. 1. 4. 2. -6. -11. 32. 14. 5.
    -51. 1. -35. 31. 0. -4. 25. 3. -11. 9. 25. 21. -41. 82. 73. -15. 1.
    -51. 12. -9. -13. 49. 20. -17. -13. 21. -32. -23. -24. -37. -17. 17.
    -15. -8. 14. 9. 16. 13. 12. 2. 4. 4. 5. 5. 7. -3. 2. -10. -7. -3. 4.
    -21. -15. 14. 0. 1. 0. -6. 43. 26. 41. 19. 37. -20. -29. 4. 4. 5.
    -24. 24. -13. 36. 19. -9. 36. 23. -18. -30. -14. 13. 13. 10. -4.
    -24. 33. 32. 11. 13. 9. 20. 15. 14. -31. 14. 14. 11. 3. 4. -11. 2.
    -17. 12. 14. -21. -5. 1. -4. 21. 14. 21. 25. 13. 13. 31. 15. 2. 1.
    -4. 0. 0. -6. 1. 47. 40. 1. 4. 30. 13. 14. 11. 14. 11. 11. 17. 31.
    5. 9. 14. -2. 8. 9. 5. 0. -1. 14. 39. 9. 30. 28. 9. 11. 10. 49. 64.
    20. 11. 10. 11. 7. 0. -11. 7. 3. -5. 5. 8. 23. 7. 25. -15. 10. -15.
    8. -9. -13. 10. -18. 5. 15. 22. 13. 16. 4. 1. -4. 0. -45. 29. 16.
    -5. -8. 50. 64. 7. 11. 9. 10. 31. 22. 10. 22. 20. 27. 21. -24. 25.
    2. -6. -9. 8. 9. -5. 7. 7. -9. 9. 15. 23. 10. 14. 10. 11. 8. -20. 4.
    -2. 11. 17. 14. 3. -33. 9. -2. 7. -24. 10. -6. -24. 10. -9. -23. 10.
    -1. 22. 17. 12. 18. 14. 17. -15. 1. 31. -6. -18. 7. 23. 5. -1. 4. 6.
    -13. 24. -5. 5. 5. 12. -32. 11. -12. -22. 14. 8. 24. 13. 26. -1. 2.
    -8. 18. 44. 9. 8. 9. 16. -4. 10. 1. 3. 8. 4. 25. -28. 9. -29. 1. -3.
    27. 5. 18. -5. 20. 4. 18. 4. -12. 11. 3. 3. 3. -12. 15. -23. 22. 39.
    -8. 21. 18. -19. 4. -21. -23. -7. -2. -9. 19. 15. 12. -6. 0. 14.
    -15. 15. -2. 28. -25. 12. -7. 12. -33. 13. 5. -38. -7. 6. -30. 4.
    -11. 8. 10. -1. 7. 7. -17. 20. -15. -1. 49. -22. 1. 2. -3. 12. 17.
    14. 11. 12. 17. -17. -5. -1. 27. 0. 19. 30. 46. 14. 5. 4. 3. -8. 7.
    21. 17. -13. -19. 11. 6. -1. 6. 10. -4. 52. 21. -18. -32. 59. -25.
    14. -20. 11. 8. -2. -5. 6. 13. 76. 43. -5. 23. -30. 1. 7. 0. -6. 2.
    -8. 4. -7. 7. -17. -3. 18. -15. 16. -4. -4. -7. -9. -23. -7. 15.
    -26. 1. 7. -10. -4. 7. -1. 9. -14. -6. -20. -18. 15. -21. -18. 23.
    -1. -1. -1. -1. 7. 1. -4. -1. -7. 0. 3. -2. -23. 7. -22. -25. 24.
    10. 19. 14. -4. 3. 13. -18. -13. -21. -14. -23. -1. 0. -1. 0. -40.
    13. -1. -5. -5. 21. 33. -4. 0. 13. 19. 2. 5. 6. 4. -1. 1. 1. -3. 0.
    -10. 13. 10. 17. -8. 16. -7. 14. 2. 23. -8. -29. 4. -1. -26. -2. -7.
    4. -38. -60. -33. -41. -17. 23. 23. 60. 116. 22. 19. -1. -4. -9. -9.
    -1. -7. -7. 3. -3. -4. 1. -6. 0. 6. -17. 22. 9. -10. -5. 6. -1. 0.
    1. 2. 0. 5. 7. 2. 4. 3. -1. -15. 2. -2. 0. 10. -10. -13. 7. 8. 5.
    10. 9. -16. -7. -3. -5. 3. 28. 1. 29. 11. -6. 10. -6. -19. 5. 17. 2.
    26. -29. 17. -20. -26. -3. 56. -8. 9. -5. -6. 0. -4. -6. 2. -1. 43.
    54. 3. 23. 8. -3. 6. -6. 1. 5. -21. -16. 9. 7. 4. 9. 6. 3. 4. 8.
    -19. 4. -3. -12. 3. 6. 3. 9. 8. 8. 11. 51. 27. 41. 0. -6. 5. 6. 5.
    1. -14. 1. -11. -18. 1. 15. 47. 11. 25. 62. -9. 54. 82. 42. 21. 52.
    68. 73. 64. 50. 69. -36. 14. 47. -25. 43. 44. -47. -32. 27. 44. 8.
    45. 88. 56. 37. 72. 28. 46. 69. 12. 55. 35. 28. 16. 53. 86. 44. 54.
    76. 69. 58. 78. 46. 19. 50. 63. -1. -1. -29. 24. 19. 70. 42.</data></A>
